sensation_C1 0.041387 -0.035679 -0.057113 0.023503 0.046365 0.139488 0.127767 -0.055315 -0.001909 -0.102244 -0.115020 -0.118413 0.133120 0.026133 -0.096856 -0.187507 0.038331 -0.015807 0.109290 0.044301 0.060788 0.017397 0.083838 0.122994 -0.260339 0.219736 -0.067740 -0.067469 -0.437679 0.077219 0.288240 0.007175 0.239123 -0.026380 0.006987 -0.065391 -0.159139 -0.034301 -0.084547 0.099637 0.033879 0.085633 0.035113 0.076723 -0.122861 -0.176514 -0.299719 0.184216 0.067561 -0.328563
sensation_S1 -0.047738 0.133855 0.089446 0.081335 0.034479 -0.128718 -0.111223 0.148342 0.114418 -0.014344 0.180932 0.026075 -0.347954 -0.048880 0.177461 0.081489 -0.114326 0.084231 0.012859 -0.176196 -0.138521 0.065631 -0.138815 -0.110430 0.341777 -0.197802 0.004960 0.080191 0.140171 -0.101602 0.012539 0.209403 0.043569 -0.100162 0.226356 -0.101282 0.204865 0.082206 0.018502 0.121085 -0.117286 0.066539 -0.180656 -0.014812 0.026357 0.073536 0.156076 0.095554 -0.111745 0.348950
sensation_C2 0.140904 -0.066681 -0.143575 0.010252 -0.002413 0.091724 -0.071937 -0.148940 0.048361 0.055062 -0.049428 -0.099851 0.285869 -0.115741 -0.210814 -0.008824 -0.242261 -0.205886 -0.052551 -0.120105 0.038003 -0.008056 0.011799 0.259331 -0.340561 0.081317 0.173790 0.086862 -0.021879 0.004008 -0.126665 -0.060689 -0.205673 0.235271 -0.237125 0.073561 -0.049515 0.012363 -0.060925 -0.314729 0.136431 -0.099489 0.192298 -0.073022 -0.017005 0.007758 -0.187192 -0.052366 -0.084348 -0.115404
sensation_S2 -0.124683 -0.022174 0.107037 -0.106318 -0.078508 -0.116194 0.022994 0.057583 -0.141257 0.075316 0.006820 0.191411 -0.083611 0.115525 0.130338 0.137932 0.270123 0.121132 -0.083788 0.212468 0.024084 -0.069927 0.022197 -0.260040 0.273907 -0.132616 -0.082074 -0.073565 0.367399 0.003143 -0.212403 -0.140563 -0.118290 -0.086973 -0.002259 0.096480 0.033332 -0.046510 0.127772 0.058297 -0.051091 -0.065059 -0.044773 -0.006349 0.124068 0.118717 0.347818 -0.238097 0.099235 0.145818
circle 0.007605 0.340469 0.024218 -0.068891 0.170174 0.014799 -0.015504 -0.033479 -0.013698 -0.124739 -0.109326 -0.070810 -0.143055 0.234520 -0.213390 0.010076 0.172053 -0.088015 -0.150840 -0.084294 0.082734 -0.043957 -0.004740 0.090506 -0.036517 -0.242622 -0.195899 0.118222 -0.004804 -0.169591 0.476778 0.050798 0.019417 -0.036743 -0.150574 -0.057998 -0.140812 0.058783 -0.042441 0.101070 0.083197 0.038674 -0.100719 0.083292 -0.200793 -0.108753 0.113302 -0.219985 -0.130283 -0.141395
square 0.105415 0.158152 0.111947 -0.066311 0.216169 -0.060907 -0.017856 -0.255962 -0.090989 -0.105869 -0.161104 -0.376991 0.019405 -0.186836 0.052848 0.063227 0.137782 0.122780 -0.225840 -0.067067 0.138023 0.009025 -0.125651 -0.047667 -0.076220 -0.014849 0.004160 0.172272 -0.037139 -0.116881 0.456433 0.015205 0.027482 0.027695 -0.166175 0.011401 0.135149 0.018339 0.009840 0.111533 0.073233 0.065323 -0.082993 -0.013768 -0.169584 -0.035828 -0.079019 -0.267839 -0.105517 -0.136684
confirm 0.251679 -0.057195 0.119583 0.062079 0.115042 -0.040343 -0.076635 0.248723 0.062314 -0.123690 0.129414 -0.016220 -0.065219 -0.064428 0.183426 0.166496 -0.112221 -0.241899 -0.026064 -0.048311 -0.073312 0.042652 0.126693 -0.021872 0.114384 -0.358015 -0.148225 0.002011 -0.102468 0.006680 0.368328 -0.083399 -0.107578 -0.249546 0.089749 -0.144364 0.163991 -0.041592 -0.076553 -0.045273 0.044130 -0.035481 0.053237 -0.016752 0.120343 -0.083217 -0.060696 0.359771 0.110574 -0.008802
need_label -0.102759 -0.020910 0.225065 0.073697 0.266998 0.008489 -0.285272 -0.219470 0.013789 0.045927 0.277651 0.058977 0.236253 0.038961 0.144751 -0.042417 -0.104265 0.003739 -0.099993 0.128281 -0.032106 -0.248061 -0.007509 0.087376 0.182510 0.007799 -0.266437 -0.271612 -0.138872 -0.161354 0.012500 0.066933 0.092358 0.018244 -0.046995 -0.039120 0.174517 -0.093798 0.229200 0.059272 -0.005203 -0.207075 -0.023211 -0.084093 0.073478 0.227048 -0.012579 -0.060146 0.108769 0.048959
seen 0.127133 0.038990 0.031330 -0.097167 0.066853 -0.011056 -0.121641 -0.080374 -0.051985 0.030083 -0.047155 -0.064684 -0.085587 0.067160 0.089589 0.079310 0.010119 -0.078198 -0.119756 -0.107514 -0.032073 0.042839 0.056417 -0.012186 0.052731 -0.345948 -0.193808 0.163625 0.105711 0.054900 0.713497 0.081729 0.080587 -0.172297 -0.023252 -0.014191 -0.069052 -0.032163 -0.156026 -0.046853 -0.174793 0.105212 -0.051633 0.006984 0.084420 -0.105713 -0.079555 -0.075459 0.056804 -0.087580
heard 0.036537 -0.070867 -0.017202 -0.057070 0.025259 -0.071813 -0.099575 0.196910 -0.160559 0.035957 -0.124452 -0.028943 -0.043665 -0.030252 0.148759 -0.022724 -0.139783 0.013533 -0.112957 -0.184812 0.050384 0.267475 0.159744 0.027999 0.231422 -0.348338 -0.166822 0.145594 -0.014930 -0.209730 0.487509 -0.091984 0.027613 -0.120413 -0.007849 -0.079993 0.147458 -0.217443 0.025440 0.116954 -0.018571 0.159053 -0.139767 0.040843 0.104634 0.024976 -0.052623 -0.003495 -0.138010 0.011979
say 0.102593 -0.061617 0.129742 -0.086171 0.033984 -0.042246 -0.131712 0.000247 -0.033659 0.070597 -0.058453 -0.001987 -0.043034 -0.027700 0.174324 0.118585 0.098646 -0.032303 0.089796 -0.133241 -0.089477 0.097856 0.063505 0.028480 0.039079 -0.495346 -0.212318 -0.009150 0.040631 -0.100993 0.584953 0.077704 -0.112780 -0.078789 -0.002729 -0.141477 -0.050313 -0.073135 0.048524 0.004180 -0.152721 0.090988 0.110856 0.140438 0.125576 -0.022332 -0.148072 0.134807 -0.033795 0.055377
babble 0.121017 -0.184273 -0.048714 -0.196304 -0.123525 -0.009719 0.191448 -0.141017 -0.167476 0.144115 -0.100445 0.004268 0.012995 0.292211 -0.019942 0.079736 -0.107650 0.235025 0.075458 0.017607 -0.073085 0.180460 0.024986 0.205753 0.128941 0.030491 -0.267954 0.140083 0.010521 0.014260 -0.070062 0.042414 0.022109 0.153761 -0.153252 0.022902 -0.031755 -0.292076 0.068157 -0.025490 0.049388 -0.050913 -0.122782 0.376449 0.121161 0.078301 0.259147 0.124385 -0.112479 -0.000879
SELF -0.059775 0.084587 0.155674 -0.083677 0.014753 -0.262901 0.123115 -0.057721 -0.188688 0.018637 0.236767 0.142518 0.087652 -0.141208 -0.009748 0.232444 -0.057697 -0.059170 -0.100266 0.100029 -0.108257 -0.080482 -0.067252 0.259956 0.014642 0.100539 -0.062970 0.189133 0.039550 0.035573 -0.385730 -0.197589 -0.186436 -0.327015 -0.028842 0.015744 -0.007606 -0.194759 -0.045374 0.112700 -0.106967 -0.084172 -0.148443 -0.031188 -0.178216 -0.028983 -0.195838 0.080097 -0.022264 -0.057567
TEACHER 0.220603 -0.014014 -0.298602 0.198322 0.043178 -0.089104 0.027506 0.227392 0.050637 0.058862 -0.020217 -0.160811 -0.243431 0.129606 0.080416 0.174236 0.217349 -0.035806 -0.067295 0.096485 -0.114310 -0.130181 -0.078216 -0.107330 -0.044960 -0.103518 0.000225 -0.039559 -0.127541 0.000965 -0.100736 -0.014089 0.142171 0.169994 -0.104966 0.144534 -0.005657 -0.059172 -0.126741 0.090400 0.032426 0.332583 -0.147193 0.166770 0.110025 0.041892 -0.001263 -0.017992 0.228688 -0.357571
