sensation_W1 0.074456 0.050382 -0.137607 -0.118352 0.001919 0.015126 -0.025962 0.076845 -0.201739 0.195026 -0.064653 -0.041221 -0.242565 -0.063826 -0.266889 0.137486 0.079090 0.029115 0.211241 0.046498 -0.036370 -0.207632 -0.088185 -0.125364 0.030912 0.081138 -0.012655 0.005452 0.087440 0.112466 -0.098526 -0.145857 0.094270 0.226098 -0.101507 0.157530 -0.084191 -0.196262 -0.297798 -0.128111 -0.000847 0.110735 0.289326 0.159666 -0.377267 0.022191 0.124452 0.015153 0.055099 0.069394
sensation_N1 -0.058345 -0.011939 0.087709 0.072142 -0.071711 -0.016697 -0.004046 -0.111393 0.164418 -0.259475 0.032794 0.087904 0.336028 0.066387 0.160258 -0.117149 -0.010912 -0.016247 -0.274999 0.076853 0.045959 0.132018 0.123650 0.031194 -0.098516 -0.017718 0.057657 0.061605 -0.036087 -0.119413 0.116989 0.052085 -0.083397 -0.180123 0.113314 -0.133180 0.181204 0.135236 0.310134 0.016128 0.040317 -0.145691 -0.324822 -0.145076 0.391164 0.001998 -0.069688 -0.049367 0.036079 -0.102187
sensation_W2 0.072046 -0.051931 -0.086814 -0.127867 0.034520 -0.055257 -0.018249 0.069803 -0.149224 0.141330 -0.041554 -0.064053 -0.331600 -0.096856 -0.177933 0.199712 0.088293 -0.003754 0.220379 0.010605 -0.002414 -0.201397 -0.175548 -0.118745 0.095257 0.104059 -0.082525 0.036407 0.090625 0.170947 -0.056567 -0.117850 0.103209 0.216458 -0.104880 0.163638 -0.097462 -0.154498 -0.221465 0.001983 -0.053683 0.154269 0.351412 0.121898 -0.349469 -0.046372 0.118814 -0.052562 0.078324 0.072514
sensation_N2 -0.080711 0.011640 0.125313 0.158704 0.031074 0.050970 0.043697 -0.033548 0.171558 -0.073549 0.067073 0.016891 0.220164 0.086243 0.260456 -0.200783 -0.141886 -0.008620 -0.145764 -0.120425 -0.005713 0.252879 0.128322 0.193379 -0.026192 -0.151902 0.034534 -0.092746 -0.129136 -0.150047 0.036350 0.192588 -0.104508 -0.240366 0.085919 -0.172187 0.002920 0.197356 0.194180 0.100417 0.013237 -0.109992 -0.290585 -0.125871 0.309695 0.019851 -0.158279 0.077652 -0.152971 -0.037424
water 0.089752 0.096634 -0.009117 -0.034890 -0.132212 -0.029509 -0.035653 -0.024134 0.173509 -0.013294 0.046457 0.063658 0.203618 -0.057085 -0.030391 0.122396 0.149913 0.139075 -0.149173 -0.236025 0.093214 -0.002928 0.210076 -0.097148 0.072128 -0.130727 0.083484 0.213800 0.175253 0.061112 0.636082 0.014032 -0.075556 -0.010735 -0.033323 0.126227 -0.046650 0.071764 0.247498 0.063296 0.013338 0.004103 0.084087 0.056301 0.008623 0.066892 -0.059720 -0.131933 0.103265 -0.160153
wind 0.040437 0.027578 0.122353 -0.021982 -0.255071 0.008191 -0.001412 0.099015 0.060422 0.106024 -0.019009 0.010229 0.115591 0.078924 -0.145992 -0.003574 0.113665 0.091592 -0.294846 -0.368449 0.006405 -0.017212 0.067511 -0.162306 0.277438 -0.100054 -0.082789 0.080625 0.138348 0.043014 0.585108 -0.004902 0.049592 -0.006883 -0.075312 -0.095140 -0.003969 -0.042192 0.153627 0.021156 -0.083856 0.025472 0.022940 -0.015554 -0.033972 0.084935 0.057323 -0.191267 -0.106140 0.031253
confirm 0.251679 -0.057195 0.119583 0.062079 0.115042 -0.040343 -0.076635 0.248723 0.062314 -0.123690 0.129414 -0.016220 -0.065219 -0.064428 0.183426 0.166496 -0.112221 -0.241899 -0.026064 -0.048311 -0.073312 0.042652 0.126693 -0.021872 0.114384 -0.358015 -0.148225 0.002011 -0.102468 0.006680 0.368328 -0.083399 -0.107578 -0.249546 0.089749 -0.144364 0.163991 -0.041592 -0.076553 -0.045273 0.044130 -0.035481 0.053237 -0.016752 0.120343 -0.083217 -0.060696 0.359771 0.110574 -0.008802
need_label -0.102759 -0.020910 0.225065 0.073697 0.266998 0.008489 -0.285272 -0.219470 0.013789 0.045927 0.277651 0.058977 0.236253 0.038961 0.144751 -0.042417 -0.104265 0.003739 -0.099993 0.128281 -0.032106 -0.248061 -0.007509 0.087376 0.182510 0.007799 -0.266437 -0.271612 -0.138872 -0.161354 0.012500 0.066933 0.092358 0.018244 -0.046995 -0.039120 0.174517 -0.093798 0.229200 0.059272 -0.005203 -0.207075 -0.023211 -0.084093 0.073478 0.227048 -0.012579 -0.060146 0.108769 0.048959
seen 0.127133 0.038990 0.031330 -0.097167 0.066853 -0.011056 -0.121641 -0.080374 -0.051985 0.030083 -0.047155 -0.064684 -0.085587 0.067160 0.089589 0.079310 0.010119 -0.078198 -0.119756 -0.107514 -0.032073 0.042839 0.056417 -0.012186 0.052731 -0.345948 -0.193808 0.163625 0.105711 0.054900 0.713497 0.081729 0.080587 -0.172297 -0.023252 -0.014191 -0.069052 -0.032163 -0.156026 -0.046853 -0.174793 0.105212 -0.051633 0.006984 0.084420 -0.105713 -0.079555 -0.075459 0.056804 -0.087580
heard 0.036537 -0.070867 -0.017202 -0.057070 0.025259 -0.071813 -0.099575 0.196910 -0.160559 0.035957 -0.124452 -0.028943 -0.043665 -0.030252 0.148759 -0.022724 -0.139783 0.013533 -0.112957 -0.184812 0.050384 0.267475 0.159744 0.027999 0.231422 -0.348338 -0.166822 0.145594 -0.014930 -0.209730 0.487509 -0.091984 0.027613 -0.120413 -0.007849 -0.079993 0.147458 -0.217443 0.025440 0.116954 -0.018571 0.159053 -0.139767 0.040843 0.104634 0.024976 -0.052623 -0.003495 -0.138010 0.011979
say 0.102593 -0.061617 0.129742 -0.086171 0.033984 -0.042246 -0.131712 0.000247 -0.033659 0.070597 -0.058453 -0.001987 -0.043034 -0.027700 0.174324 0.118585 0.098646 -0.032303 0.089796 -0.133241 -0.089477 0.097856 0.063505 0.028480 0.039079 -0.495346 -0.212318 -0.009150 0.040631 -0.100993 0.584953 0.077704 -0.112780 -0.078789 -0.002729 -0.141477 -0.050313 -0.073135 0.048524 0.004180 -0.152721 0.090988 0.110856 0.140438 0.125576 -0.022332 -0.148072 0.134807 -0.033795 0.055377
babble 0.121017 -0.184273 -0.048714 -0.196304 -0.123525 -0.009719 0.191448 -0.141017 -0.167476 0.144115 -0.100445 0.004268 0.012995 0.292211 -0.019942 0.079736 -0.107650 0.235025 0.075458 0.017607 -0.073085 0.180460 0.024986 0.205753 0.128941 0.030491 -0.267954 0.140083 0.010521 0.014260 -0.070062 0.042414 0.022109 0.153761 -0.153252 0.022902 -0.031755 -0.292076 0.068157 -0.025490 0.049388 -0.050913 -0.122782 0.376449 0.121161 0.078301 0.259147 0.124385 -0.112479 -0.000879
SELF -0.059775 0.084587 0.155674 -0.083677 0.014753 -0.262901 0.123115 -0.057721 -0.188688 0.018637 0.236767 0.142518 0.087652 -0.141208 -0.009748 0.232444 -0.057697 -0.059170 -0.100266 0.100029 -0.108257 -0.080482 -0.067252 0.259956 0.014642 0.100539 -0.062970 0.189133 0.039550 0.035573 -0.385730 -0.197589 -0.186436 -0.327015 -0.028842 0.015744 -0.007606 -0.194759 -0.045374 0.112700 -0.106967 -0.084172 -0.148443 -0.031188 -0.178216 -0.028983 -0.195838 0.080097 -0.022264 -0.057567
TEACHER 0.220603 -0.014014 -0.298602 0.198322 0.043178 -0.089104 0.027506 0.227392 0.050637 0.058862 -0.020217 -0.160811 -0.243431 0.129606 0.080416 0.174236 0.217349 -0.035806 -0.067295 0.096485 -0.114310 -0.130181 -0.078216 -0.107330 -0.044960 -0.103518 0.000225 -0.039559 -0.127541 0.000965 -0.100736 -0.014089 0.142171 0.169994 -0.104966 0.144534 -0.005657 -0.059172 -0.126741 0.090400 0.032426 0.332583 -0.147193 0.166770 0.110025 0.041892 -0.001263 -0.017992 0.228688 -0.357571
